13
3
0 122 175 
122 0 272 
175 272 0 
2 1
5
0 197 290 86 271 
197 0 456 27 397 
290 456 0 396 234 
86 27 396 0 227 
271 397 234 227 0 
1 2
3 4
7
0 110 187 417 73 451 289 
110 0 82 84 368 476 177 
187 82 0 304 415 273 106 
417 84 304 0 358 384 189 
73 368 415 358 0 290 186 
451 476 273 384 290 0 344 
289 177 106 189 186 344 0 
3 6
1 5
4 2
9
0 107 9 28 158 51 312 148 256 
107 0 340 227 27 402 28 226 434 
9 340 0 336 266 173 179 423 357 
28 227 336 0 396 461 107 168 432 
158 27 266 396 0 372 185 296 463 
51 402 173 461 372 0 498 270 29 
312 28 179 107 185 498 0 444 170 
148 226 423 168 296 270 444 0 392 
256 434 357 432 463 29 170 392 0 
6 2
1 8
3 7
4 5
11
0 217 481 36 88 337 254 166 174 265 485 
217 0 374 352 22 293 351 437 199 6 342 
481 374 0 342 176 60 282 87 259 152 76 
36 352 342 0 334 85 237 269 331 326 113 
88 22 176 334 0 271 348 4 176 185 110 
337 293 60 85 271 0 405 484 401 271 184 
254 351 282 237 348 405 0 342 253 389 487 
166 437 87 269 4 484 342 0 432 318 151 
174 199 259 331 176 401 253 432 0 186 28 
265 6 152 326 185 271 389 318 186 0 451 
485 342 76 113 110 184 487 151 28 451 0 
9 5
3 6
8 2
1 7
4 10
13
0 435 224 35 393 229 498 3 8 103 266 186 322 
435 0 87 200 295 36 26 245 32 287 444 387 299 
224 87 0 462 480 428 183 208 454 48 390 490 215 
35 200 462 0 309 138 236 5 315 281 329 88 37 
393 295 480 309 0 414 332 396 474 348 378 144 479 
229 36 428 138 414 0 145 466 50 239 47 74 104 
498 26 183 236 332 145 0 8 174 86 387 426 130 
3 245 208 5 396 466 8 0 342 14 490 266 84 
8 32 454 315 474 50 174 342 0 28 377 254 248 
103 287 48 281 348 239 86 14 28 0 350 61 236 
266 444 390 329 378 47 387 490 377 350 0 184 295 
186 387 490 88 144 74 426 266 254 61 184 0 166 
322 299 215 37 479 104 130 84 248 236 295 166 0 
4 12
10 11
5 3
8 2
9 1
6 7
15
0 156 374 443 54 277 29 422 67 178 438 92 24 44 64 
156 0 229 440 202 234 415 467 450 74 465 480 195 354 169 
374 229 0 72 234 27 235 6 53 466 480 81 75 440 316 
443 440 72 0 426 237 368 260 419 392 252 246 336 276 205 
54 202 234 426 0 164 459 393 127 367 179 448 212 137 384 
277 234 27 237 164 0 260 473 298 271 241 398 168 336 124 
29 415 235 368 459 260 0 411 168 419 373 248 450 431 142 
422 467 6 260 393 473 411 0 251 248 335 69 59 71 215 
67 450 53 419 127 298 168 251 0 227 183 179 483 2 67 
178 74 466 392 367 271 419 248 227 0 88 299 91 151 297 
438 465 480 252 179 241 373 335 183 88 0 415 336 13 288 
92 480 81 246 448 398 248 69 179 299 415 0 427 62 264 
24 195 75 336 212 168 450 59 483 91 336 427 0 210 41 
44 354 440 276 137 336 431 71 2 151 13 62 210 0 254 
64 169 316 205 384 124 142 215 67 297 288 264 41 254 0 
1 11
2 4
8 10
12 9
13 5
6 14
7 3
17
0 181 315 102 193 286 424 302 96 179 241 146 59 308 389 456 188 
181 0 23 88 22 259 384 334 239 496 481 133 375 421 417 378 351 
315 23 0 423 250 138 286 271 210 359 46 183 458 416 397 434 138 
102 88 423 0 245 81 492 209 444 114 125 466 113 307 5 37 111 
193 22 250 245 0 116 140 242 399 38 427 78 148 160 10 243 265 
286 259 138 81 116 0 136 67 251 451 105 379 168 465 272 220 155 
424 384 286 492 140 136 0 388 212 387 392 18 234 139 336 324 165 
302 334 271 209 242 67 388 0 470 394 192 351 306 487 348 488 434 
96 239 210 444 399 251 212 470 0 41 131 254 402 330 487 493 184 
179 496 359 114 38 451 387 394 41 0 296 237 228 233 472 437 424 
241 481 46 125 427 105 392 192 131 296 0 487 268 53 397 160 93 
146 133 183 466 78 379 18 351 254 237 487 0 351 170 463 176 304 
59 375 458 113 148 168 234 306 402 228 268 351 0 68 182 415 304 
308 421 416 307 160 465 139 487 330 233 53 170 68 0 382 363 460 
389 417 397 5 10 272 336 348 487 472 397 463 182 382 0 476 8 
456 378 434 37 243 220 324 488 493 437 160 176 415 363 476 0 287 
188 351 138 111 265 155 165 434 184 424 93 304 304 460 8 287 0 
16 15
4 14
7 3
9 13
11 6
2 5
1 10
8 12
19
0 166 54 247 123 195 5 230 350 209 94 385 154 148 48 180 164 15 173 
166 0 488 218 464 402 476 411 230 425 316 363 124 323 444 36 493 489 161 
54 488 0 182 74 461 404 437 3 230 439 141 153 309 164 69 299 157 226 
247 218 182 0 244 460 18 26 496 109 403 471 91 472 473 122 48 464 192 
123 464 74 244 0 221 425 489 299 153 138 202 353 297 387 25 429 297 146 
195 402 461 460 221 0 171 406 211 287 209 267 412 351 102 341 262 446 62 
5 476 404 18 425 171 0 450 221 243 91 356 188 302 290 202 117 262 467 
230 411 437 26 489 406 450 0 299 375 372 392 485 239 142 239 127 437 211 
350 230 3 496 299 211 221 299 0 43 346 165 392 81 8 262 439 356 263 
209 425 230 109 153 287 243 375 43 0 213 435 273 8 97 92 291 379 329 
94 316 439 403 138 209 91 372 346 213 0 367 150 310 134 336 314 113 43 
385 363 141 471 202 267 356 392 165 435 367 0 327 427 437 18 213 494 207 
154 124 153 91 353 412 188 485 392 273 150 327 0 86 55 38 354 318 112 
148 323 309 472 297 351 302 239 81 8 310 427 86 0 84 139 35 79 496 
48 444 164 473 387 102 290 142 8 97 134 437 55 84 0 86 64 175 313 
180 36 69 122 25 341 202 239 262 92 336 18 38 139 86 0 330 16 426 
164 493 299 48 429 262 117 127 439 291 314 213 354 35 64 330 0 419 41 
15 489 157 464 297 446 262 437 356 379 113 494 318 79 175 16 419 0 113 
173 161 226 192 146 62 467 211 263 329 43 207 112 496 313 426 41 113 0 
3 16
13 15
2 12
18 9
17 14
11 4
1 5
6 8
10 7
21
0 243 254 5 217 225 484 133 174 407 69 122 455 132 340 289 123 10 312 30 418 
243 0 129 57 356 145 119 220 187 373 19 444 12 278 346 62 444 209 437 398 222 
254 129 0 112 160 161 295 400 58 409 235 27 67 304 269 96 286 426 170 412 339 
5 57 112 0 449 234 345 296 201 139 316 230 475 242 115 306 390 223 101 288 169 
217 356 160 449 0 65 129 316 396 122 245 32 237 0 387 410 80 252 293 25 450 
225 145 161 234 65 0 22 194 305 39 125 480 370 114 320 330 193 37 101 441 83 
484 119 295 345 129 22 0 177 105 283 178 247 228 32 438 280 338 101 267 34 455 
133 220 400 296 316 194 177 0 353 71 202 339 318 110 493 53 172 52 462 257 40 
174 187 58 201 396 305 105 353 0 346 55 131 300 305 292 246 217 232 50 480 440 
407 373 409 139 122 39 283 71 346 0 16 428 364 457 49 473 210 61 139 174 98 
69 19 235 316 245 125 178 202 55 16 0 299 126 471 355 361 222 225 365 72 365 
122 444 27 230 32 480 247 339 131 428 299 0 335 133 374 254 415 52 2 489 302 
455 12 67 475 237 370 228 318 300 364 126 335 0 279 389 4 398 49 463 70 228 
132 278 304 242 0 114 32 110 305 457 471 133 279 0 493 411 94 162 210 432 159 
340 346 269 115 387 320 438 493 292 49 355 374 389 493 0 327 204 116 405 164 313 
289 62 96 306 410 330 280 53 246 473 361 254 4 411 327 0 274 470 105 471 227 
123 444 286 390 80 193 338 172 217 210 222 415 398 94 204 274 0 161 165 248 428 
10 209 426 223 252 37 101 52 232 61 225 52 49 162 116 470 161 0 11 443 336 
312 437 170 101 293 101 267 462 50 139 365 2 463 210 405 105 165 11 0 327 372 
30 398 412 288 25 441 34 257 480 174 72 489 70 432 164 471 248 443 327 0 429 
418 222 339 169 450 83 455 40 440 98 365 302 228 159 313 227 428 336 372 429 0 
17 1
2 19
8 7
20 4
15 9
6 13
5 12
10 18
16 11
3 14
23
0 168 491 224 54 166 256 169 151 206 250 138 426 204 177 353 267 400 358 166 282 497 248 
168 0 298 112 440 173 353 10 435 6 106 31 194 425 203 433 85 283 247 66 211 282 188 
491 298 0 152 359 285 476 370 129 434 428 404 124 223 243 397 293 316 16 176 206 87 409 
224 112 152 0 402 392 81 370 141 90 433 85 388 39 54 76 233 110 381 466 306 100 428 
54 440 359 402 0 465 349 377 65 124 122 354 302 379 238 130 317 311 309 164 414 244 240 
166 173 285 392 465 0 389 5 208 5 487 65 493 322 424 290 346 464 427 307 30 247 140 
256 353 476 81 349 389 0 313 121 205 322 296 448 341 234 339 71 58 413 406 273 4 310 
169 10 370 370 377 5 313 0 207 146 369 353 108 24 55 123 208 416 366 267 64 338 288 
151 435 129 141 65 208 121 207 0 416 344 459 132 364 450 154 343 165 438 65 356 278 94 
206 6 434 90 124 5 205 146 416 0 369 463 300 156 85 264 173 194 215 481 145 238 56 
250 106 428 433 122 487 322 369 344 369 0 137 279 18 461 303 330 209 406 486 385 207 125 
138 31 404 85 354 65 296 353 459 463 137 0 54 156 37 142 207 404 8 373 56 428 340 
426 194 124 388 302 493 448 108 132 300 279 54 0 413 342 257 432 8 166 87 392 155 429 
204 425 223 39 379 322 341 24 364 156 18 156 413 0 57 174 472 339 163 369 76 487 293 
177 203 243 54 238 424 234 55 450 85 461 37 342 57 0 35 186 228 327 237 33 214 171 
353 433 397 76 130 290 339 123 154 264 303 142 257 174 35 0 200 285 207 114 154 401 320 
267 85 293 233 317 346 71 208 343 173 330 207 432 472 186 200 0 111 149 343 360 325 92 
400 283 316 110 311 464 58 416 165 194 209 404 8 339 228 285 111 0 448 31 267 364 333 
358 247 16 381 309 427 413 366 438 215 406 8 166 163 327 207 149 448 0 198 473 424 95 
166 66 176 466 164 307 406 267 65 481 486 373 87 369 237 114 343 31 198 0 347 0 391 
282 211 206 306 414 30 273 64 356 145 385 56 392 76 33 154 360 267 473 347 0 320 375 
497 282 87 100 244 247 4 338 278 238 207 428 155 487 214 401 325 364 424 0 320 0 417 
248 188 409 428 240 140 310 288 94 56 125 340 429 293 171 320 92 333 95 391 375 417 0 
1 2
14 15
10 7
8 9
22 18
3 21
11 16
13 5
6 17
12 19
4 20
25
0 204 401 209 265 255 489 408 355 484 321 231 172 267 304 412 207 42 444 249 324 379 333 459 314 
204 0 288 473 383 245 86 476 79 173 343 126 88 358 239 374 286 309 156 265 37 455 77 496 208 
401 288 0 53 348 178 335 100 259 17 332 193 377 199 197 483 53 212 103 340 267 146 19 486 362 
209 473 53 0 251 18 415 380 210 249 491 67 217 215 328 496 206 221 102 254 397 268 232 438 457 
265 383 348 251 0 301 455 277 221 195 358 485 4 98 357 335 248 447 457 120 187 464 256 306 332 
255 245 178 18 301 0 337 102 366 241 355 36 212 424 188 208 495 331 296 284 41 39 26 169 285 
489 86 335 415 455 337 0 117 465 207 339 480 417 276 191 137 53 290 26 424 479 193 494 206 70 
408 476 100 380 277 102 117 0 204 413 415 250 415 191 387 93 461 331 67 196 435 146 41 305 372 
355 79 259 210 221 366 465 204 0 326 356 128 318 299 140 200 234 303 370 435 371 499 326 205 244 
484 173 17 249 195 241 207 413 326 0 408 370 37 62 59 486 416 8 205 193 466 30 134 43 149 
321 343 332 491 358 355 339 415 356 408 0 21 180 39 245 321 266 183 133 58 109 105 200 351 159 
231 126 193 67 485 36 480 250 128 370 21 0 305 412 87 486 348 25 110 447 207 497 80 156 328 
172 88 377 217 4 212 417 415 318 37 180 305 0 23 280 199 228 306 420 324 254 359 199 269 394 
267 358 199 215 98 424 276 191 299 62 39 412 23 0 161 103 455 250 423 64 332 218 155 69 439 
304 239 197 328 357 188 191 387 140 59 245 87 280 161 0 470 155 429 359 495 185 433 180 373 287 
412 374 483 496 335 208 137 93 200 486 321 486 199 103 470 0 224 110 143 358 402 188 444 490 318 
207 286 53 206 248 495 53 461 234 416 266 348 228 455 155 224 0 372 311 367 470 359 289 490 196 
42 309 212 221 447 331 290 331 303 8 183 25 306 250 429 110 372 0 499 281 211 322 63 307 294 
444 156 103 102 457 296 26 67 370 205 133 110 420 423 359 143 311 499 0 377 151 477 335 351 9 
249 265 340 254 120 284 424 196 435 193 58 447 324 64 495 358 367 281 377 0 91 34 386 327 173 
324 37 267 397 187 41 479 435 371 466 109 207 254 332 185 402 470 211 151 91 0 275 168 130 114 
379 455 146 268 464 39 193 146 499 30 105 497 359 218 433 188 359 322 477 34 275 0 87 24 490 
333 77 19 232 256 26 494 41 326 134 200 80 199 155 180 444 289 63 335 386 168 87 0 107 147 
459 496 486 438 306 169 206 305 205 43 351 156 269 69 373 490 490 307 351 327 130 24 107 0 429 
314 208 362 457 332 285 70 372 244 149 159 328 394 439 287 318 196 294 9 173 114 490 147 429 0 
5 11
23 22
8 6
4 14
1 24
13 12
10 3
18 21
17 2
9 15
20 7
19 16
25
0 767 808 20 23 727 83 697 485 50 778 81 54 121 647 73 728 506 759 618 478 519 90 460 93 
767 0 41 768 778 41 688 73 284 728 23 699 750 660 131 811 65 269 61 167 304 264 734 325 755 
808 41 0 809 819 81 729 113 324 769 36 740 791 701 170 852 95 310 79 205 343 304 775 365 796 
20 768 809 0 10 728 80 697 485 42 778 74 36 114 646 57 727 505 758 617 476 517 73 458 74 
23 778 819 10 0 738 90 707 495 51 788 83 42 124 656 50 737 515 768 627 486 527 79 467 77 
727 41 81 728 738 0 648 32 243 688 51 658 710 620 91 771 40 229 58 127 263 223 694 284 714 
83 688 729 80 90 648 0 617 405 41 698 21 67 42 566 127 647 425 678 537 396 437 73 378 93 
697 73 113 697 707 32 617 0 212 657 81 627 678 589 60 740 43 197 73 95 231 191 662 252 683 
485 284 324 485 495 243 405 212 0 445 293 415 466 377 162 528 243 36 274 137 52 59 451 68 472 
50 728 769 42 51 688 41 657 445 0 738 32 28 73 606 86 687 464 717 576 435 476 51 416 64 
778 23 36 778 788 51 698 81 293 738 0 708 759 669 135 820 59 276 45 170 310 269 743 331 763 
81 699 740 74 83 658 21 627 415 32 708 0 52 41 575 113 656 433 687 545 404 445 52 385 72 
54 750 791 36 42 710 67 678 466 28 759 52 0 90 626 62 707 484 737 596 454 495 37 435 41 
121 660 701 114 124 620 42 589 377 73 669 41 90 0 536 151 617 394 647 505 364 405 77 345 99 
647 131 170 646 656 91 566 60 162 606 135 575 626 536 0 687 81 142 112 36 174 134 608 196 629 
73 811 852 57 50 771 127 740 528 86 820 113 62 151 687 0 768 545 798 656 514 556 83 495 68 
728 65 95 727 737 40 647 43 243 687 59 656 707 617 81 768 0 223 32 113 255 214 689 276 710 
506 269 310 505 515 229 425 197 36 464 276 433 484 394 142 545 223 0 253 112 36 23 466 59 487 
759 61 79 758 768 58 678 73 274 717 45 687 737 647 112 798 32 253 0 142 284 243 719 305 739 
618 167 205 617 627 127 537 95 137 576 170 545 596 505 36 656 113 112 142 0 142 101 577 163 597 
478 304 343 476 486 263 396 231 52 435 310 404 454 364 174 514 255 36 284 142 0 41 435 22 455 
519 264 304 517 527 223 437 191 59 476 269 445 495 405 134 556 214 23 243 101 41 0 476 62 496 
90 734 775 73 79 694 73 662 451 51 743 52 37 77 608 83 689 466 719 577 435 476 0 415 22 
460 325 365 458 467 284 378 252 68 416 331 385 435 345 196 495 276 59 305 163 22 62 415 0 435 
93 755 796 74 77 714 93 683 472 64 763 72 41 99 629 68 710 487 739 597 455 496 22 435 0 
1 23
2 15
4 22
5 14
7 8
9 21
11 6
13 12
16 10
18 17
19 3
20 24
